7625
6179
5745
7719
5502
6627
6800
6770
5421
6962
6056
6951
6808
10012
5637
5511
7084
5584
5525
5697
7082
5646
5511
5535
10023
5544
5620
5577
7301
6808
5587
6791
6212
5579
6178
6668
5530
5966
5562
6748
5680
6649
5690
6694
5559
6670
5628
6627
5481
5436
5341
5423
5416
5369
5337
5773
5425
6054
5410
5362
5341
5368
5376
5278
5324
5284
5325
5372
5330
5346
5510
5353
5303
5363
5374
5431
6056
5398
5424
5337
5339
5321
5292
5288
5283
5259
5619
5387
5315
5287
5347
5409
5273
5319
5305
5390
5390
5949
5386
5357
